yyyy id   it imin dectime altitude azimuth kdir kdiff kglobal kdown   kup    keast ksouth kwest knorth ldown   lup    least lsouth lwest  lnorth   Ta      Tg     RH    Esky   Tmrt    I0     CI   Shadow  SVF_b  SVF_bv KsideI PET UTCI  CI_Tg   CI_TgG  KsideD  Lside   diffDown    Kside
2015 225 0 0 225.00000 -61.56 337.99 -999.00 -999.00 0.00 0.00 0.00 0.00 0.00 0.00 0.00 421.61 466.66 452.14 454.56 460.67 455.01 31.93 31.93 44.72 0.84 25.95 0.00 1.00 0.00 0.88 0.88 0.00 29.17 29.31 1.00 1.00 0.00 698.15 0.00 0.00
2015 225 1 0 225.04167 -63.24 9.39 -999.00 -999.00 0.00 0.00 0.00 0.00 0.00 0.00 0.00 418.19 463.73 449.02 451.46 457.59 451.91 31.45 31.45 45.18 0.84 25.43 0.00 1.00 0.00 0.88 0.88 0.00 28.54 28.93 1.00 1.00 0.00 693.01 0.00 0.00
2015 225 2 0 225.08333 -57.38 36.46 -999.00 -999.00 0.00 0.00 0.00 0.00 0.00 0.00 0.00 413.54 460.15 445.04 447.51 453.73 447.96 30.86 30.86 45.32 0.84 24.78 0.00 1.00 0.00 0.88 0.88 0.00 27.79 28.55 1.00 1.00 0.00 686.28 0.00 0.00
2015 225 3 0 225.12500 -46.95 53.03 -999.00 -999.00 0.00 0.00 0.00 0.00 0.00 0.00 0.00 408.15 455.74 440.26 442.76 449.06 443.22 30.13 30.13 45.77 0.84 23.98 0.00 1.00 0.00 0.88 0.88 0.00 26.89 27.98 1.00 1.00 0.00 678.32 0.00 0.00
2015 225 4 0 225.16667 -34.47 62.82 -999.00 -999.00 0.00 0.00 0.00 0.00 0.00 0.00 0.00 404.61 452.93 437.17 439.70 446.05 440.15 29.66 29.66 45.97 0.83 23.46 0.00 1.00 0.00 0.88 0.88 0.00 26.28 27.43 1.00 1.00 0.00 673.14 0.00 0.00
2015 225 5 0 225.20833 -21.06 69.02 -999.00 -999.00 0.00 0.00 0.00 0.00 0.00 0.00 0.00 402.70 451.25 435.41 437.94 444.31 438.39 29.38 29.38 46.27 0.83 23.17 0.00 1.00 0.00 0.88 0.88 0.00 25.82 26.75 1.00 1.00 0.00 670.25 0.00 0.00
2015 225 6 0 225.25000 -7.18 73.25 -999.00 -999.00 0.00 0.00 0.00 0.00 0.00 0.00 0.00 401.97 450.95 434.95 437.49 443.90 437.95 29.33 29.33 45.94 0.83 23.09 0.00 1.00 0.00 0.88 0.88 0.00 25.64 26.26 1.00 1.00 0.00 669.35 0.00 0.00
2015 225 7 0 225.29167 7.20 76.29 112.05 40.69 54.73 32.48 5.99 2.83 2.93 3.17 3.07 425.14 460.05 447.53 450.57 460.16 452.59 30.40 30.40 41.17 0.87 27.92 132.88 0.78 0.00 0.88 0.88 0.00 28.16 27.79 0.47 0.78 43.59 699.43 31.41 54.14
2015 225 8 0 225.33333 21.47 78.51 314.44 123.03 238.09 208.96 35.12 16.25 17.41 18.87 17.71 436.26 510.33 477.06 485.92 504.13 486.77 33.08 38.86 31.98 0.85 49.59 388.21 0.82 1.00 0.88 0.88 292.63 37.72 34.02 0.63 0.82 177.32 732.51 89.72 518.55
2015 225 9 0 225.37500 35.89 80.04 476.37 180.17 459.42 425.33 69.69 32.57 34.46 37.12 35.23 445.16 557.98 505.01 518.49 543.12 519.08 35.37 45.91 26.05 0.83 60.95 623.57 0.86 1.00 0.88 0.88 385.94 43.72 38.59 0.87 0.86 238.51 761.11 138.57 696.26
2015 225 10 0 225.41667 50.37 80.77 570.72 222.16 661.75 627.45 101.88 47.94 50.36 53.93 51.51 456.96 602.31 532.38 549.16 579.61 549.65 37.30 51.97 23.28 0.83 66.79 819.49 0.88 1.00 0.88 0.88 363.99 47.70 42.15 1.00 0.88 248.92 789.59 177.34 692.11
2015 225 11 0 225.45833 64.87 79.91 620.80 253.76 815.78 775.99 126.28 59.54 62.45 66.74 63.84 467.18 639.84 555.39 575.04 610.43 575.42 38.77 56.87 21.14 0.83 68.88 963.84 0.89 1.00 0.88 0.88 263.66 50.27 44.30 1.00 0.89 239.83 813.37 201.10 581.24
2015 225 12 0 225.50000 79.19 71.85 649.38 269.02 906.87 864.91 140.99 66.62 69.75 74.37 71.23 476.48 670.72 574.88 596.69 635.78 596.93 40.08 60.73 19.12 0.82 68.55 1046.92 0.88 1.00 0.88 0.88 121.81 51.73 45.65 1.00 0.88 225.02 833.88 212.78 416.09
2015 225 13 0 225.54167 84.70 306.92 660.77 266.49 924.44 880.18 127.90 67.98 63.33 59.92 64.58 468.49 679.76 603.78 600.46 592.36 589.13 41.13 63.69 17.53 0.82 65.35 1062.52 0.87 1.00 0.88 0.88 61.02 51.87 46.00 1.00 0.87 214.15 806.08 207.73 315.98
2015 225 14 0 225.58333 70.88 281.56 654.97 247.62 866.45 817.62 116.02 63.72 57.75 52.29 58.26 467.95 689.84 615.64 599.65 590.94 595.08 41.77 66.04 16.55 0.82 68.34 1009.13 0.89 1.00 0.88 0.88 214.55 53.95 47.30 1.00 0.89 207.79 802.68 185.33 460.02
2015 225 15 0 225.62500 56.41 279.19 627.90 215.93 738.98 683.35 97.75 54.30 48.40 43.45 49.35 468.49 694.95 621.76 600.20 591.50 598.74 42.10 67.26 16.03 0.82 69.86 890.22 0.89 1.00 0.88 0.88 347.38 55.20 48.10 1.00 0.89 192.00 802.88 148.90 575.73
2015 225 16 0 225.66667 41.91 279.43 552.21 181.22 550.07 484.70 71.81 40.24 35.55 31.57 36.27 468.36 687.53 618.96 595.85 585.60 594.84 41.90 66.79 15.96 0.82 68.08 714.24 0.87 1.00 0.88 0.88 410.96 54.77 47.81 0.98 0.87 161.23 801.21 107.24 606.54
2015 225 17 0 225.70833 27.45 280.65 264.33 157.13 278.96 86.98 25.83 13.70 12.79 12.13 13.04 479.02 581.58 560.30 542.62 535.06 542.59 40.13 46.80 21.36 0.86 46.25 489.35 0.74 0.00 0.88 0.88 0.00 44.19 41.01 0.66 0.74 138.54 799.04 81.84 164.41
2015 225 18 0 225.75000 13.08 282.57 197.47 74.71 119.41 55.42 11.39 5.72 5.58 5.67 5.81 467.55 530.10 521.87 507.83 504.92 509.95 36.76 39.27 34.91 0.88 38.30 237.46 0.78 0.00 0.88 0.88 0.00 38.21 36.08 0.51 0.78 70.64 773.10 53.21 85.53
2015 225 19 0 225.79167 -0.57 285.21 -999.00 -999.00 6.80 0.00 0.00 0.00 0.00 0.00 0.00 458.19 483.97 476.49 478.22 482.58 478.61 34.72 34.72 43.03 0.89 29.79 0.00 0.78 0.00 0.88 0.88 0.00 33.39 32.53 0.78 0.78 0.00 744.43 0.00 0.00
2015 225 20 0 225.83333 -15.38 288.85 -999.00 -999.00 0.00 0.00 0.00 0.00 0.00 0.00 0.00 454.49 480.52 472.94 474.67 479.04 475.06 34.17 34.17 43.82 0.89 29.23 0.00 0.78 0.00 0.88 0.88 0.00 32.52 32.78 0.78 0.78 0.00 738.70 0.00 0.00
2015 225 21 0 225.87500 -29.05 294.06 -999.00 -999.00 0.00 0.00 0.00 0.00 0.00 0.00 0.00 450.99 476.84 469.31 471.03 475.37 471.42 33.58 33.58 45.18 0.89 28.65 0.00 0.78 0.00 0.88 0.88 0.00 31.67 32.91 0.78 0.78 0.00 733.03 0.00 0.00
2015 225 22 0 225.91667 -42.04 302.03 -999.00 -999.00 0.00 0.00 0.00 0.00 0.00 0.00 0.00 445.06 469.11 462.21 463.84 467.98 464.22 32.33 32.33 49.94 0.89 27.49 0.00 0.78 0.00 0.88 0.88 0.00 30.19 30.47 0.78 0.78 0.00 722.49 0.00 0.00
2015 225 23 0 225.95833 -53.59 315.22 -999.00 -999.00 0.00 0.00 0.00 0.00 0.00 0.00 0.00 441.82 466.60 459.42 461.08 465.28 461.46 31.92 31.92 49.96 0.89 27.04 0.00 0.78 0.00 0.88 0.88 0.00 29.60 29.60 0.78 0.78 0.00 717.78 0.00 0.00
